1	7
1	179
1	190
1	303
1	452
1	482
1	587
1	685
1	697
1	729
1	768
1	937
2	30
2	165
2	222
2	252
2	357
2	427
2	467
2	470
2	486
2	489
2	620
2	933
2	955
3	43
3	323
3	476
3	500
3	561
3	580
3	582
3	732
3	860
3	870
3	921
3	951
4	91
4	285
4	333
4	369
4	501
4	545
4	595
4	600
4	815
5	81
5	142
5	296
5	358
5	372
5	623
5	737
5	771
5	980
6	219
6	431
6	456
6	613
6	640
6	791
6	910
7	166
7	224
7	440
7	521
7	628
7	638
7	660
7	680
7	712
7	912
7	923
8	33
8	93
8	235
8	554
8	707
8	820
8	952
9	246
9	319
9	451
9	665
9	789
9	924
10	25
10	71
10	130
10	370
10	639
10	721
10	737
10	876
10	883
10	895
11	87
11	177
11	184
11	260
11	404
11	489
11	544
11	561
11	631
11	810
11	827
11	880
12	319
12	336
12	425
12	744
12	763
12	802
12	973
13	485
13	868
13	926
14	44
14	115
14	281
14	777
14	907
14	935
15	30
15	135
15	180
15	196
15	389
15	474
15	515
15	568
15	701
15	765
15	812
15	964
15	971
16	382
16	401
16	453
16	552
16	947
17	28
17	151
17	196
17	265
17	357
17	581
17	611
17	658
17	795
17	979
18	189
18	304
18	313
18	355
18	383
18	411
18	620
18	947
18	958
19	175
19	198
19	346
19	389
19	412
19	451
19	552
19	629
19	698
20	84
20	288
20	398
20	532
20	589
20	619
20	624
20	936
21	160
21	507
21	598
21	634
21	666
21	763
21	841
21	930
22	134
22	223
22	277
22	347
22	375
22	728
22	846
23	245
23	667
23	741
23	898
24	102
24	182
24	211
24	249
24	292
24	783
24	821
24	842
24	936
25	105
25	254
25	373
25	420
25	501
25	533
25	613
25	716
25	867
26	115
26	201
26	326
26	464
26	517
26	566
26	711
26	789
27	83
27	169
27	275
27	406
27	422
27	753
27	814
27	822
27	861
28	85
28	260
28	276
28	392
28	526
28	566
28	571
28	576
28	606
28	670
28	778
28	841
28	948
29	70
29	85
29	120
29	135
29	195
29	299
29	557
29	837
29	999
30	100
30	302
30	556
30	805
30	960
31	155
31	312
31	321
31	486
31	742
31	783
31	878
32	399
32	812
32	823
32	824
32	892
33	429
33	512
33	865
33	880
33	917
34	244
34	259
34	315
34	555
34	665
34	696
34	825
34	861
34	934
35	92
35	186
35	300
35	630
35	698
35	839
35	948
36	658
36	664
36	878
36	903
36	998
37	136
37	363
37	614
37	749
37	806
37	991
38	251
38	323
38	385
38	623
38	666
38	731
38	778
38	812
38	835
38	958
39	66
39	84
39	233
39	241
39	293
39	493
39	570
39	958
39	988
40	128
40	152
40	161
40	252
40	477
40	497
40	547
40	586
40	733
40	926
41	65
41	76
41	428
41	484
41	613
41	646
41	746
41	861
41	948
42	246
42	287
42	391
42	504
42	543
42	603
42	664
42	676
43	221
43	385
43	847
43	870
43	886
43	937
44	217
44	282
44	294
44	416
44	585
44	666
44	668
45	323
45	345
45	368
45	422
45	551
45	593
45	773
45	774
45	787
45	957
46	255
46	444
46	603
46	722
46	953
47	172
47	606
47	812
47	884
47	891
47	933
48	149
48	354
48	376
48	406
48	539
48	578
48	635
48	880
49	531
49	577
49	631
49	655
49	689
49	859
50	104
50	130
50	184
50	265
50	423
50	909
51	191
51	309
51	322
51	472
51	846
51	887
52	104
52	106
52	136
52	526
52	586
52	621
52	664
52	676
52	710
52	775
52	906
53	70
53	106
53	108
53	116
53	151
53	192
53	359
53	486
53	519
53	575
53	589
53	651
53	783
53	838
53	845
53	919
53	972
54	222
54	272
54	276
54	302
54	369
54	396
54	478
54	581
54	654
55	268
55	367
55	700
55	715
55	762
55	947
55	967
56	250
56	397
56	739
56	836
57	347
58	262
58	342
58	382
58	685
58	827
58	891
58	899
59	98
59	271
59	301
59	327
59	435
59	687
59	697
59	993
60	406
60	741
60	887
61	243
61	447
61	630
61	633
61	699
61	771
62	132
62	157
62	275
62	353
62	412
62	614
62	647
62	702
62	905
63	340
63	451
63	582
63	688
63	773
63	963
64	76
64	298
64	397
64	429
64	551
64	902
65	135
65	219
65	242
65	266
65	560
65	742
65	807
65	823
65	861
65	937
66	68
66	76
66	79
66	167
66	229
66	285
66	390
66	409
66	687
66	788
66	983
67	108
67	286
67	289
67	771
67	783
67	891
68	232
68	403
68	420
68	561
68	587
68	597
68	892
69	316
69	712
69	750
70	93
70	149
70	365
70	508
70	782
70	783
70	937
70	975
71	164
71	295
71	316
71	366
71	652
71	696
71	785
71	824
71	903
71	982
71	984
72	92
72	272
72	827
72	832
72	869
73	360
73	453
73	486
73	502
73	639
73	664
73	885
73	899
74	366
74	391
74	500
74	540
74	743
74	751
74	1000
75	150
75	159
75	163
75	180
75	403
75	793
76	163
76	272
76	376
76	402
76	573
76	849
76	994
77	148
77	195
77	290
77	788
77	946
78	122
78	136
78	228
78	245
78	434
78	646
78	679
78	704
79	161
79	209
79	351
79	439
79	601
79	783
79	818
79	849
79	911
79	963
80	317
80	469
80	486
80	727
80	753
81	107
81	194
81	196
81	315
81	593
81	763
81	836
81	961
81	963
82	202
82	324
82	366
82	420
82	581
82	677
82	961
82	989
83	185
83	252
83	282
83	315
83	597
83	612
83	615
83	643
83	692
83	781
83	848
83	993
83	997
84	179
84	310
84	476
84	639
84	818
84	908
84	981
85	173
85	249
85	431
85	585
85	653
86	101
86	185
86	414
86	529
86	728
86	735
86	894
87	190
87	353
87	713
87	870
87	977
88	567
88	613
88	783
88	934
89	133
89	164
89	194
89	233
89	254
89	322
89	505
89	666
89	884
89	909
89	911
90	131
90	234
90	328
90	356
90	515
90	548
90	574
90	587
90	732
90	826
90	834
91	111
91	301
91	411
91	783
91	843
91	933
91	953
92	122
92	135
92	161
92	202
92	210
92	247
92	310
92	578
92	652
93	96
93	429
93	453
93	549
93	560
93	690
93	856
93	868
94	113
94	181
94	277
94	356
94	399
94	498
94	697
94	721
94	751
94	790
95	178
95	237
95	351
95	382
95	435
95	579
95	645
95	811
95	877
96	116
96	472
96	630
96	717
96	762
96	947
97	102
97	167
97	346
97	535
97	666
97	922
97	934
98	197
98	233
98	404
98	463
98	503
98	537
98	576
98	590
98	698
98	816
98	866
98	934
98	989
99	117
99	241
99	706
99	745
99	747
99	870
100	102
100	393
100	561
100	573
100	669
100	959
101	158
101	160
101	201
101	359
101	470
101	572
101	637
101	690
101	748
101	832
101	920
102	104
102	159
102	191
102	317
102	420
102	879
102	969
103	393
103	611
103	870
103	932
104	127
104	256
104	544
104	767
104	772
104	855
104	948
105	230
105	372
105	713
105	844
105	871
105	933
106	279
106	314
106	362
106	774
106	843
106	925
107	128
107	177
107	685
107	783
107	785
107	843
107	849
107	933
108	263
108	276
108	292
108	326
108	385
108	479
108	486
108	543
108	631
108	768
108	769
108	897
109	197
109	356
109	961
110	169
110	283
110	507
110	612
110	827
110	868
110	994
111	192
111	233
111	480
111	561
111	652
111	794
111	813
112	127
112	251
112	403
112	548
112	679
112	757
112	768
112	909
112	931
113	209
113	455
113	636
113	797
114	136
114	241
114	282
114	401
114	558
114	979
115	124
115	191
115	445
115	558
115	614
115	665
115	740
115	833
116	433
116	551
116	909
116	963
117	180
117	558
117	649
117	654
117	750
117	972
118	126
118	193
118	248
118	323
118	443
118	570
118	655
118	700
118	864
118	867
118	958
119	124
119	229
119	322
119	479
119	502
119	519
119	608
119	720
119	749
119	781
119	815
119	834
119	840
120	533
120	639
120	743
121	439
121	448
121	488
121	536
121	723
121	771
121	782
121	810
121	821
121	855
122	180
122	274
122	301
122	359
122	387
122	405
122	667
123	194
123	336
123	419
123	445
123	464
123	550
123	706
123	757
123	833
123	890
123	895
123	927
123	956
124	191
124	290
124	300
124	357
124	435
124	641
124	725
124	938
125	240
125	304
125	324
125	343
125	527
125	584
125	716
125	761
125	768
125	821
125	844
125	989
126	143
126	213
126	236
126	448
126	496
126	843
126	964
127	234
127	445
127	521
127	712
127	716
128	371
128	405
128	493
128	619
128	627
128	661
128	837
129	161
129	191
129	283
129	365
129	413
129	417
129	427
129	436
129	555
129	597
129	617
129	731
129	824
129	833
129	851
130	386
130	407
130	437
130	535
130	688
130	746
130	840
130	873
130	912
131	163
131	164
131	520
131	526
131	532
131	620
131	670
131	822
131	852
131	977
132	291
132	314
132	608
132	918
132	976
133	355
133	377
133	397
133	418
133	493
133	573
133	811
133	853
133	868
134	140
134	416
134	428
134	522
134	767
134	911
135	214
135	301
135	491
135	520
136	199
136	358
136	416
136	587
136	621
136	625
136	648
136	830
136	859
136	961
136	984
137	181
137	242
137	615
137	705
137	922
137	939
138	205
138	281
138	392
138	502
138	523
138	541
138	614
138	827
138	904
138	908
139	411
139	490
139	524
139	746
139	854
139	978
140	148
140	288
140	465
140	479
140	611
140	625
140	739
140	785
140	899
140	960
140	964
141	442
141	595
141	850
141	898
142	145
142	209
142	222
142	396
142	422
142	641
142	661
142	691
142	711
142	949
143	206
143	231
143	328
143	377
143	452
143	477
143	598
143	665
144	362
144	619
144	746
144	815
144	872
145	293
145	462
145	885
145	897
145	899
145	989
146	200
146	231
146	575
146	699
146	750
146	891
147	398
147	440
147	446
147	668
147	692
147	733
148	177
148	224
148	593
148	691
148	710
148	712
148	716
148	962
149	402
149	579
149	661
149	770
149	932
150	189
150	199
150	382
150	439
150	717
150	780
150	839
150	912
150	953
150	972
151	236
151	513
151	651
151	849
151	888
152	200
152	224
152	340
152	463
152	584
152	608
152	800
152	835
153	195
153	305
153	664
153	748
153	795
153	972
153	998
154	302
154	315
154	330
154	487
154	663
154	738
155	372
155	441
155	472
155	483
155	488
155	491
155	952
156	312
156	634
156	638
156	865
157	509
157	604
157	637
157	674
157	719
157	783
157	940
158	219
158	337
158	391
158	709
158	730
158	954
159	304
159	446
159	524
159	534
159	614
159	693
159	911
160	587
160	821
160	902
160	920
161	193
161	262
161	434
162	186
162	710
163	262
163	346
163	350
163	358
163	535
163	582
163	593
163	763
163	840
164	199
164	219
164	365
164	410
164	429
164	448
164	741
164	782
164	931
165	277
165	457
165	654
165	796
165	879
165	921
166	272
166	867
166	874
167	173
167	190
167	223
167	503
167	546
167	603
167	804
167	807
167	894
167	939
168	234
168	445
168	447
168	486
168	896
169	336
169	508
169	793
169	816
170	179
170	317
170	402
170	431
170	453
170	454
170	829
171	211
171	462
171	604
171	892
171	939
172	348
172	372
172	500
172	556
172	649
172	839
172	918
173	203
173	403
173	781
173	789
173	928
174	255
174	286
174	466
174	592
174	696
175	285
175	346
175	401
175	445
175	883
175	992
175	996
176	224
176	308
176	409
176	730
176	763
176	849
176	934
176	978
176	997
177	228
177	266
177	272
177	359
177	366
177	454
177	466
177	575
177	667
177	677
177	812
178	447
178	566
178	671
178	783
178	815
178	868
179	275
179	390
179	605
179	694
179	770
179	847
180	271
180	346
180	375
180	380
180	496
180	623
180	780
180	868
180	908
181	286
181	634
181	880
181	889
181	993
182	554
182	560
182	863
182	868
182	917
183	192
183	232
183	352
183	464
183	516
183	763
184	190
184	262
184	279
184	280
184	638
184	670
184	838
184	958
185	213
185	373
185	464
185	555
185	704
185	814
185	859
185	872
185	910
185	931
186	304
186	354
186	398
186	401
186	418
186	639
186	793
186	994
187	291
187	303
187	310
187	356
187	513
187	572
187	591
187	878
187	903
187	962
188	255
188	342
188	433
188	463
188	645
188	657
188	665
188	707
188	764
189	239
189	353
189	395
189	512
189	638
189	647
189	651
189	766
189	901
190	268
190	446
190	688
190	769
190	866
191	286
191	592
191	915
192	317
192	355
192	474
192	489
192	557
192	616
192	678
192	681
192	706
192	763
192	852
192	971
193	215
193	218
193	297
193	370
193	378
193	409
193	434
193	544
193	670
193	730
193	789
193	831
193	841
193	859
193	984
194	362
194	481
194	493
194	564
194	624
194	740
194	880
194	918
194	955
195	229
195	299
195	337
195	371
195	590
195	728
195	750
196	417
196	437
196	488
196	650
196	833
196	854
197	290
197	737
197	754
198	208
198	430
198	439
198	527
198	759
198	790
198	799
199	277
199	831
199	994
200	255
200	513
200	618
200	678
200	729
200	931
200	959
201	339
201	366
201	390
201	428
201	539
201	738
201	884
201	949
201	979
202	272
202	294
202	468
202	624
202	868
203	248
203	358
203	405
203	753
203	990
204	232
204	434
204	516
204	738
204	860
205	367
205	373
205	640
205	846
206	209
206	285
206	495
206	922
206	939
206	961
206	992
207	223
207	292
207	563
207	601
207	655
207	675
207	841
207	944
207	987
208	241
208	243
208	289
208	341
208	535
208	565
208	824
209	372
209	421
209	581
209	596
209	616
209	746
209	795
209	821
210	689
210	867
211	257
211	331
211	452
211	532
211	561
211	622
211	821
211	965
212	435
212	486
212	649
212	906
213	324
213	587
213	724
213	936
214	292
214	337
214	478
214	527
214	611
214	761
214	851
214	897
214	937
214	950
215	485
215	644
215	669
215	701
215	749
215	821
215	840
215	984
216	224
216	257
216	262
216	307
216	642
216	694
216	701
216	714
216	743
216	753
216	810
216	813
216	844
217	326
217	355
217	359
217	500
217	502
217	598
217	599
217	601
217	608
217	610
217	670
217	811
217	873
218	357
218	411
218	452
218	546
218	707
218	975
219	377
219	435
219	460
219	475
219	478
219	899
220	230
220	261
220	290
220	492
220	571
220	742
220	817
220	897
220	923
221	245
221	447
221	523
221	614
221	841
221	907
222	381
222	677
222	936
222	958
223	312
223	497
223	579
223	592
223	690
223	851
223	898
224	328
224	482
224	512
224	538
224	556
224	689
224	740
224	949
225	268
225	281
225	345
225	352
225	448
225	498
225	621
225	664
225	734
225	884
226	599
226	709
226	716
227	341
227	351
227	399
227	591
227	628
227	688
227	696
227	992
228	335
228	368
228	402
228	424
228	505
228	529
228	615
228	695
228	821
228	842
228	871
229	413
229	551
229	767
229	884
229	909
230	275
230	711
230	822
230	994
230	998
231	240
231	392
231	479
231	558
231	661
231	749
231	807
231	838
231	884
231	900
231	994
232	259
232	381
232	517
232	565
232	599
232	845
232	880
233	491
233	515
233	539
233	619
233	786
233	808
233	885
233	950
234	692
234	930
235	402
235	423
235	495
235	839
236	417
236	427
236	565
236	792
237	382
237	549
237	821
238	405
238	575
238	618
238	919
238	964
239	267
239	308
239	321
239	404
239	484
239	583
239	626
239	872
239	967
239	992
240	287
240	419
240	872
240	914
241	251
241	287
241	393
241	438
241	688
241	874
241	908
242	291
242	653
242	847
243	321
243	601
243	604
243	703
243	767
243	807
244	280
244	353
244	412
244	448
244	678
244	875
244	993
245	318
245	372
245	410
245	492
245	611
245	688
245	895
245	939
245	1000
246	367
246	456
246	661
246	814
247	427
247	529
247	858
247	943
247	985
248	298
248	541
248	692
248	871
248	948
249	480
249	544
249	794
249	896
250	327
250	530
250	838
250	885
250	967
251	316
251	352
251	467
251	485
251	622
251	643
251	695
251	714
251	754
252	390
252	392
252	602
252	713
252	846
252	852
252	912
253	365
253	473
253	668
253	730
253	822
254	403
254	426
254	563
254	633
254	660
254	670
254	673
254	866
254	882
254	894
254	904
254	910
254	919
254	931
255	584
255	606
255	750
255	826
256	303
256	848
256	903
256	986
257	261
257	610
257	682
257	706
257	851
257	857
258	347
258	364
258	386
258	442
258	514
258	634
258	816
258	817
259	411
259	565
259	611
259	687
259	795
259	798
259	832
259	924
259	932
260	273
260	586
260	702
260	706
260	746
260	800
261	409
261	446
261	544
261	771
261	892
261	958
261	987
262	267
262	270
262	324
262	554
262	632
262	695
262	713
262	981
263	474
263	540
263	679
263	704
263	798
263	954
264	386
264	588
264	802
264	805
264	936
264	975
264	992
264	996
265	854
266	283
266	399
266	581
266	610
266	710
266	824
266	836
266	860
266	933
267	761
267	774
267	871
267	959
268	286
268	355
268	614
268	870
269	299
269	891
270	302
270	667
271	488
271	509
271	609
271	766
271	812
271	859
271	883
272	366
272	388
272	464
272	504
272	579
272	850
273	321
273	368
273	542
273	589
273	675
273	776
274	279
274	389
274	405
274	497
274	585
274	623
274	708
274	737
274	775
274	923
274	939
275	545
275	690
275	915
276	304
276	312
276	379
276	385
276	504
276	585
276	667
276	678
276	751
276	790
276	941
277	301
277	325
277	330
277	454
277	628
277	861
277	876
277	995
277	1000
278	518
278	605
278	788
278	902
278	968
279	308
279	385
279	429
279	453
279	457
279	509
279	530
279	580
279	971
280	286
280	356
280	546
280	621
280	938
280	982
281	315
281	514
281	530
281	581
281	879
281	929
282	985
283	346
283	351
283	535
283	679
283	801
283	861
284	293
284	311
284	313
284	371
284	422
284	465
284	546
284	737
285	295
285	420
285	455
285	498
285	533
285	615
285	619
285	685
285	719
286	333
286	757
286	811
286	817
286	848
286	878
286	999
287	329
287	367
287	387
287	487
287	573
288	335
288	605
288	642
288	648
288	746
288	866
288	892
288	909
288	964
289	364
289	431
289	469
289	498
289	849
289	968
290	299
290	370
290	493
290	645
290	704
290	816
291	408
291	529
291	645
291	671
291	681
291	793
291	905
291	907
291	919
291	994
292	364
292	466
292	555
292	593
292	768
292	866
292	917
292	972
293	348
293	857
294	306
294	360
294	391
294	565
294	783
294	831
295	307
295	410
295	607
295	957
295	970
296	298
296	739
296	792
296	835
296	854
296	896
297	313
297	522
297	636
297	683
297	745
297	762
297	901
298	330
298	430
298	578
298	693
298	753
298	781
298	827
298	849
299	406
299	513
299	611
299	690
299	694
299	875
299	877
300	505
300	663
300	784
300	989
301	712
301	745
301	908
301	958
301	962
302	335
302	504
302	520
302	578
302	780
302	853
302	912
303	341
303	374
303	620
303	809
303	891
303	981
304	616
304	697
304	782
304	792
304	795
304	922
304	923
304	939
305	347
305	381
305	395
305	465
305	504
305	578
305	581
305	740
305	761
305	811
305	912
306	589
306	667
306	822
307	531
307	652
307	737
307	781
308	481
308	495
308	779
308	858
308	951
309	364
309	379
309	514
309	515
309	664
309	667
309	755
309	760
309	764
309	927
310	442
310	524
310	533
310	686
310	717
310	758
310	803
310	813
311	343
311	519
311	661
311	819
311	945
312	375
312	568
312	689
312	968
313	316
313	775
313	792
313	962
314	372
314	500
314	556
314	791
314	813
314	923
314	931
314	961
315	531
316	470
316	477
316	585
316	820
316	860
316	873
316	959
317	323
317	445
317	468
317	623
317	979
318	331
318	391
318	684
318	737
318	746
318	751
318	851
319	528
319	623
319	654
319	696
319	723
319	745
320	787
320	847
320	926
320	945
321	465
321	476
321	480
321	711
321	766
321	830
321	853
321	890
322	336
322	458
322	483
322	577
323	379
323	422
323	493
323	497
323	652
323	705
323	841
323	991
324	551
324	952
325	465
325	593
325	893
325	961
326	380
326	536
326	667
326	758
326	779
326	811
327	529
327	980
328	428
328	518
328	690
328	943
329	340
329	436
329	515
329	539
329	590
329	771
329	811
330	456
330	476
330	541
330	598
330	637
330	659
330	836
330	970
331	366
331	377
331	487
331	584
331	788
331	796
331	948
332	343
332	362
332	484
332	499
332	523
332	622
332	675
332	765
332	877
332	994
333	392
333	499
333	550
333	815
333	916
333	967
333	977
334	451
334	458
334	560
334	798
334	840
334	918
334	937
334	940
335	506
335	524
335	613
335	714
335	835
335	913
335	937
336	393
336	676
336	735
336	739
336	804
336	978
337	803
337	891
337	952
338	394
338	606
338	759
338	981
338	995
339	374
339	409
339	418
339	726
339	795
340	448
340	593
340	664
340	772
340	854
341	382
341	823
341	885
342	607
342	666
342	692
342	721
342	797
342	801
343	496
343	964
344	601
344	604
344	809
344	839
344	855
344	861
344	904
345	608
345	691
345	797
345	798
345	867
345	909
345	918
346	353
346	486
346	491
346	496
346	569
346	664
346	794
346	993
347	363
347	579
347	580
347	602
347	652
347	939
348	395
348	412
348	459
348	537
348	545
348	869
349	521
349	534
349	540
349	703
349	938
350	360
350	651
350	671
350	864
351	696
352	538
352	600
352	644
352	947
353	517
353	599
353	624
353	753
354	812
354	849
354	960
355	535
355	743
355	778
355	954
356	443
356	481
356	514
356	558
356	885
356	978
357	401
357	609
357	681
357	703
357	785
357	806
357	952
357	971
358	449
358	653
358	693
358	710
358	747
358	773
358	838
358	905
359	413
359	547
359	560
359	599
359	796
359	800
360	398
360	549
360	652
360	761
360	773
361	414
361	475
361	555
361	919
361	940
362	370
362	466
362	505
362	622
362	704
362	777
362	785
362	835
363	380
363	550
363	775
363	820
363	839
363	863
363	871
363	889
364	561
364	811
364	889
364	931
365	670
365	789
365	862
365	961
366	681
366	711
366	756
366	920
367	423
367	529
367	618
367	745
367	833
367	845
368	383
368	433
368	766
368	966
369	463
369	667
369	852
369	884
370	412
370	490
370	658
370	740
370	805
370	886
370	976
371	775
372	702
372	991
373	614
373	909
373	994
374	387
374	607
374	645
374	713
374	748
374	842
374	983
375	430
375	517
375	554
375	732
375	874
375	986
376	518
376	643
376	777
376	845
376	951
377	410
377	588
377	950
378	426
378	512
378	525
378	883
378	996
379	439
379	608
379	883
380	728
380	875
380	880
380	890
380	891
380	931
380	984
380	994
381	515
381	703
381	867
381	872
381	912
382	670
382	922
382	931
382	977
383	433
383	510
383	851
383	896
384	386
384	486
384	636
384	654
384	674
384	866
385	673
385	805
385	973
385	996
386	393
386	493
386	510
386	583
386	651
386	670
386	722
386	921
387	455
387	474
387	665
387	755
387	893
387	994
388	528
388	632
388	652
389	416
389	474
389	712
389	769
389	809
389	836
389	859
390	770
390	857
391	399
391	427
391	472
391	484
391	578
391	592
391	636
391	685
391	902
391	912
391	957
392	420
392	480
392	629
392	633
392	788
392	790
392	822
393	501
393	696
393	699
393	804
393	968
394	538
394	559
394	587
394	697
394	720
394	731
395	470
395	581
395	604
395	640
395	685
395	858
396	635
396	685
396	797
396	798
396	970
397	543
397	733
397	860
397	910
397	925
397	948
398	478
398	614
398	674
398	830
398	888
399	501
399	549
399	790
400	453
400	502
400	713
400	716
401	650
401	662
401	904
401	950
401	989
402	461
402	493
402	570
402	655
402	792
402	824
402	957
402	989
403	436
403	594
403	775
403	800
403	812
403	952
403	979
403	982
404	588
404	632
404	766
404	830
404	946
405	558
405	573
405	582
405	695
405	934
406	447
406	560
406	596
406	900
407	463
407	641
407	675
407	917
408	409
408	469
408	594
408	829
408	885
408	964
408	973
409	413
409	605
409	608
409	686
409	826
409	867
410	508
410	518
410	587
410	705
410	835
410	954
410	957
410	965
411	468
411	489
411	492
411	647
411	727
411	859
412	769
412	990
413	588
413	626
413	651
413	742
413	770
413	921
414	437
414	468
414	820
414	837
414	943
414	994
415	501
415	541
415	576
415	830
416	683
417	608
417	923
418	510
418	601
418	690
418	903
418	996
419	439
419	485
419	507
419	613
419	652
420	740
420	772
421	426
421	619
421	734
421	761
421	858
421	875
421	934
422	439
422	447
422	474
422	521
422	573
422	840
423	527
423	567
423	669
423	724
423	726
423	879
423	898
424	530
424	684
424	838
424	971
425	487
425	570
425	635
425	680
425	702
425	732
425	877
425	928
426	445
426	450
426	624
426	875
426	920
427	434
427	954
428	435
428	485
428	542
428	746
428	819
428	828
428	909
429	476
429	484
429	516
429	517
429	620
429	676
430	572
430	596
430	854
430	921
430	932
430	944
431	797
431	859
432	576
432	578
432	639
432	754
432	767
433	475
433	554
433	662
433	670
433	690
433	699
433	793
433	856
434	669
434	734
434	787
434	966
435	697
435	699
436	578
436	648
436	742
436	800
436	948
436	985
437	616
437	684
437	746
437	895
437	938
438	688
438	712
438	725
438	786
438	826
438	890
439	491
439	531
439	824
440	573
440	628
440	644
440	689
440	876
440	892
440	982
441	450
441	498
441	649
441	671
441	699
441	716
441	771
441	919
441	968
441	999
442	626
442	722
442	809
442	881
442	922
443	528
443	554
443	563
443	580
443	591
443	621
443	650
443	670
443	676
443	738
443	776
443	934
444	479
444	692
444	855
445	600
445	692
445	732
446	637
446	769
446	792
446	820
447	455
447	514
447	655
448	465
448	540
448	556
448	603
448	882
448	904
448	944
448	981
449	543
449	613
449	910
450	675
450	955
450	956
451	806
452	469
452	537
452	620
452	681
452	739
452	754
452	777
452	860
453	551
453	859
454	530
454	566
454	595
454	610
454	615
455	669
456	474
456	538
456	605
456	626
456	675
456	700
456	907
457	939
457	996
458	521
458	998
459	499
459	692
459	872
459	934
460	589
460	691
460	713
460	757
460	823
460	899
460	920
461	556
461	651
461	722
461	997
462	475
462	491
462	752
463	534
463	542
463	940
463	988
464	594
464	597
464	716
464	834
464	850
464	968
465	566
465	627
465	656
465	701
465	766
465	841
465	942
465	959
466	494
466	680
466	792
466	806
467	557
467	691
467	889
467	898
467	990
468	549
468	679
468	684
468	722
468	734
468	736
468	782
468	973
468	979
469	509
469	534
469	556
469	718
469	786
469	896
469	926
470	666
470	690
471	653
471	693
471	696
471	831
471	896
472	913
472	932
472	975
473	522
473	780
473	989
474	543
474	602
474	748
474	935
474	983
475	503
475	682
475	695
475	766
475	895
476	567
476	660
476	669
476	680
476	738
476	823
476	863
476	940
476	942
476	999
477	507
477	818
477	857
477	987
478	541
478	569
478	649
478	719
478	722
478	766
479	486
479	513
479	518
479	658
480	495
480	585
480	649
480	695
480	713
480	811
480	818
480	852
481	590
481	860
481	861
481	934
482	495
482	571
482	577
483	506
483	583
483	611
483	644
483	657
484	556
484	557
484	599
484	793
484	799
484	927
485	489
485	510
485	519
485	541
485	686
485	1000
486	532
486	616
486	640
486	679
486	834
486	961
487	806
487	947
488	583
488	773
488	826
488	929
489	533
489	690
489	943
489	967
490	695
490	735
490	769
490	854
490	870
490	884
491	632
491	786
491	831
492	590
492	668
492	741
492	766
492	888
493	531
493	609
494	602
494	610
494	647
494	658
494	960
495	523
495	686
495	697
495	976
496	517
496	824
496	856
496	872
496	904
497	540
497	557
497	683
497	713
497	921
497	961
497	978
498	504
498	525
498	532
498	544
498	614
499	588
499	862
499	892
500	510
500	535
500	757
501	524
501	579
501	688
501	951
502	560
502	742
503	712
503	849
503	929
504	515
504	627
504	815
505	523
505	635
505	873
505	959
506	517
506	541
506	587
506	747
506	982
506	990
507	718
507	763
507	979
508	536
508	628
508	813
508	871
509	521
509	697
509	811
510	609
510	635
510	814
511	584
511	846
512	661
512	862
512	1000
513	621
513	841
513	850
513	870
513	981
514	607
514	747
514	765
514	793
514	842
514	986
515	765
515	895
516	825
516	901
516	955
516	972
517	815
518	645
518	709
518	884
518	940
519	534
519	673
519	675
519	677
520	555
520	675
520	788
520	804
520	878
520	888
520	938
520	979
521	766
521	767
521	787
522	562
522	685
522	744
522	799
522	927
523	704
523	840
523	851
523	884
523	905
523	921
523	946
523	947
524	846
525	644
525	667
525	728
525	877
525	910
525	933
526	592
526	758
526	851
526	861
527	630
527	688
529	734
529	809
530	567
530	582
530	714
531	934
532	543
532	626
532	883
532	986
533	662
533	678
533	751
533	772
533	870
535	594
536	541
536	667
536	687
536	913
536	979
536	994
537	770
537	985
537	997
538	683
538	838
538	922
538	994
539	562
539	654
539	701
539	944
540	581
540	594
540	666
540	677
540	759
540	857
540	893
540	991
541	786
542	600
542	728
542	777
542	863
542	957
543	565
543	625
543	712
543	811
544	548
544	705
544	714
544	772
544	844
544	936
545	620
545	781
545	939
545	965
546	726
546	757
546	776
546	892
547	594
547	727
547	974
548	588
548	635
548	650
548	707
548	797
548	940
549	566
549	737
549	985
550	687
550	703
550	797
550	873
552	817
552	870
552	927
553	579
553	758
553	823
553	830
553	968
554	785
554	896
554	938
554	981
555	571
556	581
556	706
557	730
558	668
558	701
558	712
558	720
558	747
558	854
558	981
559	596
559	870
560	719
561	627
561	688
562	721
562	736
562	803
562	861
563	570
564	745
564	862
565	580
565	628
565	718
566	651
566	818
566	843
566	920
567	568
567	751
567	800
567	817
568	742
568	760
568	865
568	951
569	582
569	668
569	842
569	969
569	981
570	577
570	666
570	732
570	860
571	916
572	624
572	703
572	772
572	809
573	648
573	687
573	739
573	759
573	772
573	888
574	659
574	789
574	901
575	607
575	775
576	579
576	747
576	823
576	985
577	585
577	636
577	679
577	751
577	759
577	830
577	844
578	787
579	605
579	627
579	699
579	871
579	897
579	966
580	596
580	728
580	762
580	990
580	1000
581	697
581	880
582	624
582	917
583	707
583	903
584	663
584	698
584	776
584	975
585	789
585	981
586	795
586	894
587	892
588	798
588	880
588	938
588	962
589	946
589	969
590	696
590	710
590	982
590	995
591	639
591	688
591	744
591	804
593	629
593	890
594	774
594	994
595	932
595	950
596	600
596	617
596	648
596	850
597	598
597	690
597	740
597	859
598	741
598	853
598	942
599	663
599	916
600	633
600	826
600	892
601	950
602	809
602	903
603	863
603	980
604	759
605	612
605	623
605	646
605	721
605	856
605	966
606	801
606	841
606	848
606	897
607	856
607	930
607	955
609	784
609	793
609	926
609	969
610	612
610	684
610	713
611	687
611	842
611	929
612	699
612	731
612	853
612	956
613	622
613	692
613	738
613	744
613	891
613	898
613	985
614	640
614	772
615	616
615	721
615	727
615	861
615	864
615	950
616	682
616	948
617	825
617	959
618	806
618	890
618	965
619	699
619	891
619	901
620	669
620	705
620	795
620	876
620	932
620	993
621	657
621	686
621	914
621	981
622	849
623	690
623	961
623	999
624	655
624	677
624	961
625	742
625	821
625	838
625	921
626	851
626	900
627	836
627	883
627	911
628	666
628	681
628	918
628	929
628	935
629	756
629	787
629	833
629	845
629	872
630	650
630	704
630	774
630	944
630	956
631	683
631	759
631	892
632	637
632	639
632	686
632	841
632	928
633	731
633	762
633	796
633	931
633	956
633	998
634	639
634	843
635	662
635	963
636	676
636	727
636	730
636	746
636	790
636	806
636	813
636	896
636	911
636	978
637	965
638	647
638	664
638	700
638	760
638	927
638	986
639	793
639	802
639	809
640	786
640	812
640	972
640	975
641	677
641	763
641	892
643	791
643	824
644	863
644	932
645	947
645	956
646	756
646	812
647	712
647	728
647	842
648	844
648	866
648	884
648	928
649	713
649	744
649	885
649	897
649	925
650	688
650	748
650	807
650	890
650	901
650	955
651	768
651	851
651	892
651	968
652	674
652	688
652	880
652	895
653	658
653	803
653	829
653	890
653	961
654	666
654	683
654	793
655	701
655	727
655	752
655	914
656	770
656	792
656	916
657	961
658	720
658	751
658	783
658	870
658	968
659	692
659	825
659	917
659	936
659	988
660	702
660	998
661	712
661	810
661	859
661	873
661	929
663	684
663	757
663	881
663	915
663	956
664	685
664	776
664	908
664	943
665	704
665	728
665	842
665	886
665	961
666	736
666	904
666	915
667	703
667	827
667	879
668	741
668	745
668	797
668	865
668	976
669	700
669	892
669	939
670	935
671	918
671	922
672	785
672	854
672	860
673	753
673	905
674	876
674	912
674	913
675	853
676	725
676	917
676	990
677	695
677	791
678	697
678	742
678	765
678	850
678	896
678	964
680	813
681	778
681	846
681	931
682	820
682	927
682	955
682	985
683	742
683	843
683	865
683	956
685	784
685	937
686	713
686	772
686	786
686	864
687	774
688	901
689	807
689	871
689	883
690	795
690	854
691	840
692	717
692	894
692	974
692	980
693	824
693	851
693	854
693	931
694	968
695	704
695	707
695	739
695	783
695	812
695	869
695	881
695	952
696	789
696	849
696	982
697	715
697	876
697	946
698	714
699	853
699	998
700	719
700	829
700	915
700	995
701	707
701	769
702	761
702	993
703	736
704	762
704	782
704	784
704	826
704	980
705	780
705	886
706	794
706	959
707	728
707	944
708	850
708	920
709	825
709	843
709	875
709	942
709	955
709	988
710	727
710	867
710	899
712	825
712	878
712	901
712	905
712	989
713	732
713	782
713	842
713	865
713	882
713	965
713	992
714	915
714	933
714	957
714	980
715	908
715	928
715	972
716	743
716	896
716	933
717	733
717	981
718	721
718	801
718	837
718	989
719	906
719	1000
720	797
720	915
721	745
721	932
722	790
722	954
724	833
724	897
724	938
724	950
725	780
725	803
725	834
725	957
725	971
725	975
726	758
727	887
728	760
728	850
730	745
730	829
730	885
730	932
731	814
732	754
732	838
732	877
733	777
733	828
733	957
734	843
734	877
734	935
736	797
736	974
736	977
736	990
737	845
737	850
737	907
738	839
739	859
739	956
739	960
739	979
740	752
740	975
741	890
741	924
742	892
742	912
742	932
742	952
743	814
743	934
744	798
745	912
745	955
746	859
746	895
747	918
748	997
749	752
749	884
749	894
749	940
749	986
750	866
752	978
753	756
754	798
754	893
754	943
755	874
756	774
756	963
757	771
757	828
757	854
757	906
757	939
758	804
759	788
759	791
760	872
760	911
760	942
760	956
763	980
764	766
764	800
764	810
765	770
765	803
765	844
765	917
766	778
766	808
766	857
766	911
767	773
768	770
768	798
770	839
770	924
772	862
772	928
772	930
773	812
773	894
774	822
774	912
775	779
775	948
776	997
777	975
780	825
780	830
780	862
781	825
781	837
781	871
781	892
782	853
783	959
784	799
785	952
787	801
787	915
788	833
788	983
789	854
790	799
790	863
790	926
792	833
793	816
794	835
794	939
795	819
795	856
795	921
795	931
795	992
796	890
796	993
797	808
797	850
797	953
797	991
798	878
799	922
800	808
800	862
800	929
800	944
800	981
801	812
801	838
801	941
801	953
802	867
803	933
803	957
804	893
805	862
805	893
806	998
807	973
808	880
808	917
809	846
809	988
810	906
811	905
812	1000
813	831
814	906
816	829
816	980
817	852
818	969
818	995
819	955
821	963
822	860
822	928
823	941
823	951
823	965
824	919
824	941
824	967
824	969
825	833
825	857
826	998
827	977
828	895
828	942
829	996
831	855
833	900
834	874
834	937
834	968
835	988
836	883
837	884
838	934
838	989
839	978
840	875
841	937
842	981
844	889
844	897
844	982
845	912
846	883
846	889
846	918
846	967
847	934
847	938
849	976
850	860
850	892
850	964
851	867
851	908
852	854
853	891
853	910
853	915
853	951
854	915
855	856
857	935
860	863
862	940
862	988
863	962
864	931
865	961
865	963
866	909
867	873
867	970
869	906
870	896
870	923
871	974
873	976
874	938
875	895
876	996
877	917
877	978
878	897
879	903
879	945
879	983
880	911
882	894
882	944
883	896
883	900
883	947
885	917
889	973
891	965
892	900
892	987
894	924
894	952
896	967
898	919
899	925
902	918
903	998
904	968
904	970
905	990
912	945
913	948
915	941
915	974
916	971
916	974
916	989
917	919
918	987
920	988
921	984
922	924
924	988
929	985
932	988
934	961
942	964
942	969
942	977
943	986
950	960
952	965
952	968
953	992
954	982
954	990
957	978
957	1000
962	990
964	967
967	999
982	1000
